# The mean values of the components (in mm)
204
1
6
153.631994 
144.623744 
133.972067 
118.143614 
91.167919 
52.568409 
6.378610 
-39.335662 
-79.939297 
16.693017 
87.448200 
151.945691 
203.378139 
238.838501 
255.813055 
266.225264 
278.042918 
41.655413 
21.316842 
-1.430529 
-24.827940 
-46.842650 
-38.902750 
-21.583995 
-0.758970 
24.607297 
54.032473 
-77.114213 
-93.967587 
-111.303151 
-127.707046 
-74.416758 
-75.581766 
-107.482644 
-73.299924 
-59.033395 
20.925005 
1.482915 
-14.054915 
8.188349 
-14.496733 
0.495418 
16.192865 
12.381836 
20.180310 
40.723179 
18.710319 
13.414435 
-39.945341 
-70.189472 
-96.078986 
-106.322322 
-85.693458 
-51.316960 
-7.546556 
-41.871396 
-72.823615 
-103.074586 
-91.314461 
-68.014730 
-44.052674 
-90.423463 
-102.704256 
-73.540123 
-18.928117 
-67.028899 
-96.614185 
-83.614267 
-107.429908 
-83.629276 
-58.614272 
-31.320465 
-0.902508 
31.891903 
65.027402 
94.818442 
116.593996 
74.256655 
35.375654 
-3.983017 
-40.540747 
-73.021116 
-99.459378 
-123.175731 
-147.020105 
-79.046034 
-76.385458 
-68.492092 
-56.669026 
-42.880672 
-43.122465 
-53.111227 
-62.075907 
-69.441416 
-74.604725 
-9.453178 
9.305021 
27.714344 
46.066477 
35.096521 
38.317037 
53.081686 
38.913186 
31.474009 
-54.041748 
-49.472892 
-42.061101 
-44.217416 
-33.576553 
-40.976819 
-43.574069 
-47.285064 
-49.637265 
-52.711479 
-40.992786 
-39.387815 
44.485728 
53.222619 
61.974879 
68.634327 
59.059879 
48.901444 
36.103168 
58.571318 
76.013681 
88.916118 
82.229190 
66.018156 
46.782316 
66.857303 
73.593383 
61.374897 
41.024478 
64.212774 
76.780051 
69.625693 
69.396225 
50.685636 
32.309458 
11.850911 
-14.247744 
-45.079253 
-77.741757 
-105.922498 
-123.424174 
3.075987 
101.428639 
192.105282 
266.353373 
320.234609 
351.569970 
372.921559 
393.010567 
-7.545933 
-12.579460 
-18.990467 
-27.288032 
-36.837731 
10.167571 
43.138707 
79.808225 
118.679705 
156.013577 
-55.656314 
-77.600824 
-99.846316 
-121.321462 
-96.540373 
-88.168767 
-110.423066 
-64.006673 
-39.096968 
-20.382507 
-25.515202 
-29.144159 
1.876788 
-34.275681 
-30.789597 
62.093645 
72.301928 
92.025805 
121.010068 
86.870727 
69.827121 
-93.031044 
-106.028977 
-114.885028 
-117.244105 
-85.587580 
-38.395750 
15.437084 
-35.150562 
-82.255320 
-125.462109 
-123.589593 
-111.920424 
-93.398052 
-113.803376 
-117.091066 
-76.424117 
0.034487 
-72.572005 
-114.357118 
-110.606474 
# The principal components (eigenvectors) of identity or combined identity and expression model
204
28
6
0.161298 -0.094403 -0.028313 0.227023 0.119320 -0.056261 0.149140 -0.099100 0.132966 0.140138 -0.125934 -0.150401 0.190943 0.050549 -0.055225 -0.000578 0.041098 -0.186875 0.086089 0.147752 0.149856 0.010418 -0.009460 0.075339 0.051173 0.152155 0.082062 -0.089889 
0.155294 -0.105038 0.016188 0.219958 0.114554 -0.022104 0.075048 -0.043622 0.062285 0.075417 -0.102462 -0.014087 0.039729 0.024658 -0.019786 0.013484 0.061630 -0.041249 -0.014615 0.104238 0.007305 0.061602 0.068921 -0.000264 0.007953 0.041847 0.016147 -0.110916 
0.153037 -0.112082 0.066414 0.203212 0.102684 0.008969 -0.009043 0.014549 -0.028175 0.031355 -0.059798 0.078451 -0.066309 0.012569 -0.015877 0.024944 0.065980 0.075997 -0.115727 0.062499 -0.055262 0.096102 0.111542 -0.049639 -0.002713 -0.037797 -0.019395 -0.093118 
0.159901 -0.112537 0.082609 0.172735 0.079790 0.045999 -0.081586 0.076402 -0.112644 -0.018251 0.013522 0.098910 -0.037376 0.020085 -0.018454 -0.009572 0.041399 0.093450 -0.156727 0.043096 -0.017841 0.076366 0.088887 -0.098272 -0.009822 -0.040509 -0.048073 -0.016842 
0.163131 -0.104626 0.089051 0.110097 0.065950 0.108408 -0.114306 0.092584 -0.136064 -0.067698 0.110120 0.048676 0.040737 0.004061 -0.021621 -0.018187 0.009694 0.031241 -0.122754 0.003226 0.047128 0.002609 -0.023110 -0.078364 0.017000 0.020108 -0.029090 0.076649 
0.156044 -0.089853 0.089228 0.026885 0.061734 0.157097 -0.055765 0.084593 -0.078954 -0.114742 0.165350 -0.034842 0.077983 -0.015444 0.009309 0.019701 -0.008637 -0.041727 -0.040200 -0.030466 0.040500 -0.058294 -0.101600 -0.012019 0.034105 0.069759 0.003939 0.090423 
0.129861 -0.073576 0.096778 -0.050328 0.065260 0.153771 0.068499 0.024970 0.046098 -0.134919 0.154303 -0.079547 0.041799 -0.034493 0.066404 0.112753 0.019992 -0.076059 0.036293 -0.078837 -0.051835 -0.066006 -0.084112 0.084070 -0.005774 0.056066 0.033261 0.004071 
0.096591 -0.054915 0.126932 -0.100721 0.048354 0.084669 0.187238 -0.055197 0.152673 -0.129045 0.100784 -0.050544 -0.047155 -0.031815 0.068042 0.117842 0.055889 0.005316 0.096948 -0.134375 -0.100852 -0.028675 0.024836 0.099836 -0.075929 0.017010 0.025558 -0.032699 
0.060090 -0.047191 0.164834 -0.087617 -0.049556 -0.140586 0.251187 -0.094265 0.171354 -0.104883 0.052412 -0.006401 -0.111379 0.005287 0.059707 -0.026626 -0.030906 0.176448 0.036811 -0.019973 0.000763 -0.058877 0.109591 0.056443 -0.059579 -0.066158 -0.010484 -0.065979 
-0.010046 -0.035485 0.065023 -0.191812 0.149258 0.128294 0.032373 -0.001550 -0.071357 -0.055652 -0.026882 0.032167 -0.160405 -0.048896 -0.066779 -0.168400 -0.006959 0.111736 0.136744 0.034886 0.090060 0.016714 0.077976 0.028040 -0.048991 -0.026595 0.016009 -0.000797 
-0.010926 0.000592 0.033875 -0.136259 0.107416 0.026399 -0.030033 -0.049205 -0.115219 0.045265 -0.023755 0.120352 -0.107872 0.058373 -0.064338 -0.091722 -0.087863 -0.017382 0.031088 0.054342 0.209918 0.024886 0.213115 0.086383 -0.079404 -0.090343 -0.141094 -0.114202 
-0.005497 0.027763 -0.018576 -0.075690 0.023139 -0.090693 0.013764 -0.055599 -0.083546 0.041958 0.057525 0.048477 -0.058916 0.044703 -0.016528 0.055127 -0.091333 -0.036362 -0.011298 -0.027537 0.082493 0.063467 0.224729 0.019814 -0.065504 -0.068499 -0.089069 -0.108338 
0.009139 0.063097 -0.038596 -0.034774 -0.030603 -0.158134 0.034901 -0.014387 -0.043265 0.031041 0.071028 0.001712 -0.023836 -0.020572 -0.020488 0.017352 -0.126648 -0.012679 0.034804 -0.021628 0.050324 0.052897 0.108050 -0.046541 -0.003989 -0.003248 -0.035853 -0.050724 
0.030130 0.103554 -0.045099 -0.011975 -0.055109 -0.181584 0.031492 0.042215 -0.022684 0.042582 0.034370 -0.052750 0.008557 -0.083707 0.004967 -0.041355 -0.100356 0.013764 0.058586 0.034549 0.036506 0.031913 -0.002361 -0.084528 0.056140 0.044746 0.015404 -0.012127 
0.040943 0.135711 -0.034544 -0.006797 -0.066757 -0.099131 -0.044302 0.018582 0.025590 -0.002922 0.001768 -0.042518 0.019149 -0.087264 -0.027886 -0.016123 -0.076408 -0.007283 0.106584 0.063520 -0.050704 -0.013242 -0.073288 -0.005891 0.052196 0.073163 0.043282 0.013141 
0.037717 0.150927 -0.013237 0.005162 -0.078744 0.027653 -0.088620 -0.039589 0.049525 -0.096083 -0.028811 0.013560 -0.014460 -0.051630 0.009945 -0.023973 -0.010589 -0.008253 0.064416 0.002829 -0.035183 -0.024571 -0.092677 -0.006482 -0.023803 0.063965 0.057728 -0.018576 
0.038435 0.162734 0.010320 0.023301 -0.099556 0.165183 -0.085872 -0.056024 0.033743 -0.149758 -0.002422 0.098880 -0.064128 -0.074812 0.058927 -0.051341 0.062098 0.051535 -0.047551 -0.082370 -0.109534 -0.114041 -0.151987 -0.028292 -0.043457 0.046969 0.102712 -0.038449 
0.113182 0.015111 -0.084334 -0.125240 0.088529 -0.150728 -0.190493 0.037917 0.157826 -0.178951 -0.030239 -0.029333 -0.076011 0.111635 -0.058512 0.152124 -0.004342 -0.004194 -0.005411 -0.092186 0.002152 0.169043 -0.147735 0.080119 -0.000469 -0.089303 -0.065395 0.061472 
0.087266 0.025844 -0.068263 -0.095555 0.027861 -0.108508 -0.133794 0.000519 0.074619 -0.231914 -0.002376 -0.051208 -0.053122 0.064433 -0.039577 0.105297 0.018671 -0.023327 0.027512 -0.037083 0.043957 0.093596 -0.095799 -0.021792 0.006222 -0.126512 -0.042837 0.031822 
0.060326 0.035386 -0.043216 -0.068682 -0.021405 -0.064327 -0.056729 -0.042168 -0.013412 -0.250083 0.030052 -0.083430 0.000188 0.027436 -0.028271 0.061410 0.074519 -0.028489 0.056185 0.034768 0.065172 -0.004288 0.002950 -0.078138 -0.007066 -0.087168 -0.029680 0.000537 
0.030120 0.043184 -0.019370 -0.035691 -0.058839 -0.018271 0.025005 -0.054738 -0.085504 -0.226413 0.044053 -0.088393 0.042517 0.010307 0.012400 0.011294 0.147139 -0.021568 0.055485 0.102326 0.046407 -0.093773 0.092323 -0.088776 -0.047096 -0.009480 -0.069572 -0.049471 
0.001759 0.048139 -0.001695 -0.005076 -0.099181 0.008841 0.112377 -0.052398 -0.131381 -0.171728 0.049337 -0.073318 0.104375 0.010234 0.071103 -0.032571 0.231997 0.002990 0.008059 0.134478 0.024346 -0.178946 0.129244 -0.062021 -0.107478 0.098778 -0.142802 -0.092848 
-0.095295 0.027776 0.002098 -0.011893 0.011250 0.113684 0.102576 0.020941 -0.094307 0.129900 0.021753 -0.085140 0.102486 -0.019632 -0.035468 -0.003416 -0.017941 0.105408 -0.038572 -0.024660 -0.038461 0.145682 -0.057381 -0.080652 -0.028452 -0.039901 -0.064468 -0.056808 
-0.119806 0.018159 0.012355 -0.021584 0.021973 0.119148 0.119422 0.009931 -0.077643 0.082403 0.018284 -0.067008 0.093595 0.020744 -0.026248 0.044746 0.003123 0.032249 -0.026522 -0.083539 -0.041798 0.075426 -0.054851 -0.046324 -0.087543 -0.084669 0.000413 -0.060944 
-0.145990 0.009345 0.026571 -0.031342 0.050768 0.122737 0.125788 -0.008264 -0.032966 0.062817 0.016143 -0.033699 0.075752 0.085856 0.002117 0.053448 0.009069 -0.017178 -0.036402 -0.080780 -0.040036 -0.011492 -0.001531 -0.003458 -0.044248 -0.116238 -0.004237 -0.068628 
-0.168701 0.006843 0.039755 -0.031915 0.059979 0.143256 0.093281 -0.026482 0.044741 0.029531 0.009125 -0.049017 -0.001428 0.080718 -0.045653 0.067764 0.045914 -0.040322 -0.068712 -0.027154 -0.032919 0.002508 -0.013002 -0.008355 -0.004217 -0.135713 -0.042202 0.020294 
-0.175227 0.007789 0.062840 -0.026288 0.055307 0.138062 0.042326 -0.028317 0.160335 -0.039005 -0.059574 -0.121998 -0.134902 0.047796 -0.101499 0.069120 0.061521 0.036693 -0.089061 -0.004699 0.034645 0.010277 -0.059105 -0.166011 -0.001579 -0.227458 -0.035393 0.154076 
-0.006227 0.033752 0.144831 0.055484 -0.192688 0.115534 0.044206 -0.127655 -0.033230 0.052736 -0.097018 0.074279 0.028013 0.121612 -0.141762 0.082747 0.025342 0.038446 0.028029 0.017242 0.031123 -0.099780 -0.137047 0.011752 0.000012 0.136561 -0.023952 -0.082313 
-0.028629 0.025628 0.135948 0.040429 -0.081463 0.078902 -0.021020 -0.124074 0.021553 0.048485 -0.074767 0.082818 0.070682 0.048953 -0.065066 0.005553 0.000293 0.030225 0.028581 -0.036438 0.049328 -0.040984 -0.078362 -0.079238 -0.033636 0.088010 0.028394 -0.042870 
-0.051182 0.018899 0.118519 0.022945 0.031772 0.042433 -0.069658 -0.100605 0.080002 0.041589 -0.040949 0.083344 0.104807 -0.020713 0.000779 -0.068812 -0.023494 -0.007256 0.040885 -0.072654 0.061878 0.011447 -0.023953 -0.140689 -0.068420 0.025647 0.075999 -0.034279 
-0.071376 0.013315 0.098840 0.008033 0.129695 0.010288 -0.111337 -0.066457 0.129547 0.021936 -0.003681 0.062450 0.127403 -0.084020 0.063577 -0.130168 -0.052495 -0.055163 0.030649 -0.090872 0.057862 0.089427 0.019956 -0.159263 -0.078264 -0.021013 0.134327 -0.044211 
-0.008028 -0.006966 0.018489 -0.030057 0.056574 -0.064367 -0.060647 0.022274 0.046668 0.093257 0.132597 -0.011938 -0.078242 -0.041391 -0.215053 0.155639 -0.034896 -0.068593 -0.038917 -0.048546 -0.033795 0.149586 -0.009988 -0.222331 0.072718 0.078436 -0.012087 0.081931 
-0.033777 -0.009978 0.036814 -0.057075 0.068275 -0.023779 -0.060872 0.038296 0.041400 0.041442 0.089716 0.010251 0.011274 -0.025248 -0.143264 0.097119 0.007817 -0.034691 -0.002539 -0.007769 -0.006891 0.018123 -0.006631 -0.069404 0.019143 0.085789 0.076716 -0.036236 
-0.043299 -0.004130 0.099703 0.001003 -0.018193 -0.186340 -0.054489 -0.011237 0.104315 0.068222 0.077753 0.097935 0.075309 -0.035320 -0.061994 0.118498 -0.026713 -0.035503 -0.093965 0.176452 -0.074853 -0.070139 -0.098462 -0.007147 -0.129652 0.001317 0.167220 0.009476 
-0.074791 -0.004106 0.060107 -0.052957 0.080864 -0.008080 0.014064 0.073938 0.069784 0.024797 0.038284 -0.004569 0.048223 -0.019561 -0.044469 0.007234 -0.006311 -0.006004 0.017165 0.098626 0.076409 -0.080248 -0.076959 0.014423 -0.119215 0.114437 0.060137 0.024342 
-0.068622 0.006010 0.070870 -0.001474 -0.002294 -0.057721 -0.008422 0.075892 0.040597 -0.048324 0.005534 -0.034768 0.045237 0.016747 0.012215 -0.025008 -0.042021 -0.033787 0.023873 0.105376 -0.022141 0.010638 -0.202158 -0.006624 -0.056017 0.068738 0.050323 -0.019653 
0.107307 0.025902 -0.028768 -0.108517 0.094864 -0.021128 -0.053510 0.042004 0.007971 0.131363 -0.017336 0.045476 -0.058396 0.011224 -0.013645 -0.097716 -0.060703 -0.002632 0.116495 -0.048014 -0.124376 -0.049090 0.151144 0.180344 -0.215035 0.144544 0.189493 0.042806 
0.084888 0.029776 -0.008703 -0.060428 0.011687 0.001707 -0.036307 0.042913 -0.026619 0.091380 -0.055280 -0.013013 -0.079244 -0.034272 0.079593 -0.080476 -0.071877 -0.006894 0.015807 -0.127243 -0.050406 0.032029 0.082134 0.145024 -0.004933 0.071387 0.041888 0.056711 
0.070722 0.032252 0.016204 -0.022424 -0.077577 0.014857 -0.022770 0.036104 -0.036536 0.058912 -0.056819 -0.026668 -0.046544 -0.045732 0.090729 -0.044332 -0.069208 -0.024544 -0.056763 -0.062547 -0.075126 0.094542 0.032619 0.136452 0.156882 0.026122 -0.011271 0.036065 
0.029619 0.016351 -0.024351 -0.057389 0.006134 0.117224 -0.028121 0.086482 0.020164 0.027204 -0.082631 -0.125613 0.056033 0.004132 0.120309 -0.099687 0.078165 0.099549 0.029975 0.038721 -0.107360 0.041385 0.043336 0.051636 0.108765 -0.010861 0.064398 0.039877 
0.072088 0.028732 0.022550 -0.034788 -0.078420 0.021274 -0.020490 0.059353 -0.015380 0.082547 -0.025717 0.020365 -0.015142 0.003681 0.039427 -0.013004 -0.012460 -0.017235 -0.052141 -0.018396 -0.138577 0.059754 0.051910 0.171967 0.087284 0.021495 0.016856 0.041320 
0.087609 0.027344 -0.008283 -0.070268 0.007319 0.004299 -0.039801 0.057204 0.000504 0.099278 -0.035806 0.031583 -0.043753 0.003415 0.034127 -0.058978 -0.049037 -0.009180 -0.001826 -0.080727 -0.108944 0.030010 0.088710 0.162572 -0.054500 0.065755 0.061549 0.074001 
-0.087080 0.011814 0.011321 -0.000979 0.073513 -0.023438 0.029257 0.042660 0.006121 0.101504 0.028756 0.029414 -0.056642 0.004501 0.040176 0.040767 0.034080 0.011262 -0.004391 -0.098812 -0.027468 -0.071338 0.010105 -0.018010 -0.081900 0.061660 0.014566 0.031312 
-0.104383 0.009344 0.036599 0.025912 0.002803 -0.008196 0.036987 0.031996 -0.055331 0.087568 -0.018432 0.060040 -0.005344 0.045996 0.036416 0.105432 0.014451 -0.059566 -0.037109 -0.102994 0.089134 -0.096265 -0.027973 -0.013187 0.043057 0.059467 -0.028681 0.053920 
-0.126866 0.006386 0.039950 0.027947 0.020860 -0.035319 0.054295 0.035155 0.010124 0.076256 0.008849 0.019888 0.051246 0.046606 0.092668 -0.011736 0.005449 -0.035864 -0.054797 -0.077622 0.053657 -0.102935 -0.028098 0.018608 0.094568 -0.058902 -0.018317 0.084025 
-0.141932 0.003531 0.050639 0.021134 0.033887 -0.100922 0.034442 0.031228 0.029618 0.053263 0.047726 0.056392 0.171147 0.039262 0.106934 -0.065404 0.027957 0.032678 -0.107394 0.026784 0.058811 -0.085194 -0.034047 0.080542 0.107781 -0.108832 -0.038546 0.121700 
-0.129174 0.006480 0.045429 0.023907 0.014429 -0.057106 0.056684 0.053791 -0.001472 0.080671 0.054126 0.005810 0.060174 0.036356 0.055918 0.008728 0.057983 -0.010433 -0.090095 -0.019071 -0.079127 -0.127365 0.069883 0.067384 0.127195 -0.042543 -0.076334 0.048640 
-0.104025 0.006932 0.041252 0.014790 -0.000915 -0.025288 0.041875 0.037930 -0.033265 0.094235 0.046441 0.047655 0.000400 0.058248 0.014129 0.067555 0.013972 -0.035062 -0.067141 -0.060355 -0.020922 -0.130206 0.029620 0.033365 0.065387 -0.016710 0.004136 0.023017 
0.053595 -0.025224 -0.199859 -0.027562 -0.031125 0.006596 -0.129219 -0.218999 -0.084533 0.086848 0.012221 -0.040552 0.030736 -0.188509 0.082057 0.017087 -0.016025 0.072314 0.003214 -0.010920 -0.103903 -0.086658 -0.062718 -0.041584 0.017608 0.026907 -0.112270 -0.010268 
0.021265 -0.012779 -0.119412 -0.011789 0.006636 0.019515 -0.063794 -0.087722 -0.035626 0.016544 -0.026345 -0.072892 -0.061967 -0.056475 0.079508 0.098742 -0.091144 0.026741 0.041377 0.032394 -0.024073 -0.085868 -0.006528 0.035269 0.013535 0.057164 -0.029785 -0.000384 
-0.009670 -0.006645 -0.047660 0.024715 0.006358 -0.044933 -0.016653 0.065561 -0.026597 -0.039966 -0.052050 -0.068805 -0.021967 0.003438 0.058660 0.093258 -0.125113 0.043058 0.068872 0.030947 0.017667 -0.082636 0.068611 0.002253 0.040315 -0.023827 -0.020887 -0.028735 
-0.019283 -0.006388 -0.008979 0.052778 -0.038445 -0.073406 0.004964 0.095505 -0.030422 -0.043420 -0.045834 -0.036949 0.035590 0.018519 0.017551 0.067089 -0.088911 0.069222 0.081943 0.054481 0.038657 -0.009209 0.061864 0.010452 0.037944 0.015399 -0.094519 0.006577 
-0.050581 -0.010214 -0.042437 0.035688 0.029522 -0.018629 0.030771 0.157960 -0.033628 -0.023630 -0.091151 -0.053674 0.074570 -0.031119 -0.075681 0.019016 -0.029254 0.130941 0.090694 0.026875 0.056275 -0.030663 0.068100 -0.011436 0.068552 0.015560 -0.042522 -0.034646 
-0.066871 -0.013385 -0.095732 0.069899 0.026231 -0.052543 0.081413 0.077002 -0.028285 -0.006164 -0.075738 -0.012368 0.044616 -0.074207 -0.067853 -0.043761 0.066999 0.042111 0.091004 0.046053 0.011116 0.005536 0.016823 0.020499 0.002582 -0.052755 0.024309 0.015783 
-0.081378 -0.021742 -0.165590 0.073521 0.026412 -0.019908 0.071582 -0.042535 -0.017455 -0.008295 -0.004852 0.077734 0.028494 -0.008746 -0.108725 -0.071750 0.133054 0.069800 0.069447 0.041863 0.000075 0.104937 -0.068637 0.040542 -0.041500 0.009034 0.010198 0.100022 
-0.062665 -0.021807 -0.098071 0.049499 -0.040478 -0.003354 0.048122 -0.014876 0.049972 -0.006396 -0.015438 0.058874 -0.049856 -0.015599 -0.023996 -0.156309 0.094911 0.030764 0.040669 0.077378 0.054207 0.125878 -0.078801 0.128086 0.058458 -0.059525 0.071908 0.093962 
-0.047581 -0.026425 -0.045109 -0.000171 -0.101222 0.022020 0.031347 0.055756 0.046685 -0.013701 -0.026849 0.063175 -0.014716 -0.040748 0.032312 -0.151420 0.085599 0.012659 -0.035434 0.077821 0.012655 0.035272 -0.004656 0.001012 0.077551 -0.023215 0.059914 0.074272 
-0.007267 -0.015446 -0.005409 0.020310 -0.165027 -0.045981 -0.015965 0.013523 0.054119 -0.026618 -0.001035 0.135026 -0.048362 -0.006031 0.037741 -0.138610 0.028681 -0.117963 -0.102891 0.087515 -0.050538 0.073157 0.021156 -0.068950 0.052067 -0.013066 0.033322 -0.052553 
0.001717 -0.018796 -0.067048 -0.006968 -0.076127 -0.002038 -0.019657 -0.032348 0.073373 -0.002117 0.011366 0.108286 -0.105103 0.024970 0.096747 -0.043903 -0.081881 -0.236102 -0.125109 0.042579 -0.037321 -0.099579 0.093763 -0.090234 0.042294 -0.058744 0.028321 -0.025082 
0.023709 -0.022342 -0.143067 -0.023644 -0.033462 0.034257 -0.064204 -0.174568 0.026110 0.054560 0.012775 0.027259 -0.102151 -0.030269 0.095337 0.073138 -0.035295 -0.166185 -0.095879 -0.026986 -0.036321 -0.127674 0.009109 0.011757 0.024519 -0.008437 -0.025711 0.055603 
0.051300 -0.023714 -0.195201 -0.020957 -0.082198 -0.019909 -0.136425 -0.220808 -0.110565 0.107167 0.044867 -0.028753 0.079780 -0.173691 0.070985 -0.065897 0.013864 0.073471 0.028740 -0.025133 -0.052177 -0.006320 -0.055051 -0.101482 -0.019816 0.070182 -0.124629 0.021327 
0.004473 -0.011725 -0.034264 0.005484 -0.025197 -0.033160 -0.048973 0.038661 -0.066423 -0.007525 -0.044490 -0.061368 -0.036810 0.003375 0.002675 0.057211 -0.052047 0.053983 0.067170 -0.088365 -0.072382 -0.023063 -0.035543 -0.018392 0.095169 -0.099289 0.020983 -0.159689 
-0.005642 -0.010433 0.010067 0.038341 -0.062503 -0.061554 -0.021258 0.087951 -0.026156 -0.036136 -0.062907 -0.010324 -0.008384 0.015562 -0.021861 0.025909 -0.087363 0.087486 0.063647 0.042790 -0.010282 0.007301 -0.030658 0.024563 0.083849 -0.016467 -0.062388 -0.050388 
-0.040149 -0.017507 -0.020196 0.019114 0.008243 0.056189 -0.032535 0.184149 -0.047655 -0.111141 -0.112827 -0.044340 -0.027109 -0.054284 -0.032453 -0.017144 -0.158230 0.041180 -0.011189 0.033669 -0.032605 -0.018784 -0.038780 -0.018373 -0.031844 0.003300 -0.121906 -0.010965 
-0.079303 -0.024319 -0.171461 0.047951 0.041042 0.038158 0.018912 -0.053712 -0.017515 -0.057453 -0.035180 0.089923 -0.094989 0.067367 -0.010643 0.007110 -0.036752 -0.110475 -0.004300 0.217782 0.013364 0.036863 -0.047843 0.074692 -0.074663 -0.059613 -0.013354 0.086027 
-0.034787 -0.018897 -0.044724 0.017237 -0.090574 0.068619 -0.009549 0.060044 -0.027128 -0.040522 -0.024825 -0.055397 -0.066998 0.083649 -0.018761 -0.110488 -0.009840 -0.046237 -0.065521 -0.022647 0.124392 0.116407 -0.025812 0.028788 -0.039616 0.059427 0.003132 0.073407 
0.006637 -0.010300 -0.010988 0.045719 -0.154825 -0.060774 -0.002931 0.013561 -0.033525 0.026184 -0.009528 0.035155 -0.000742 0.055556 -0.013961 -0.079785 0.062632 -0.013969 0.000489 -0.043042 0.109429 0.093459 -0.017912 0.034502 0.043895 0.015813 0.028242 0.025382 
0.016868 -0.011426 -0.062449 0.006475 -0.117766 -0.065844 -0.024184 -0.043594 -0.055915 0.063101 0.038796 -0.048693 -0.001788 0.061584 -0.002095 -0.015990 0.122070 -0.006431 0.006623 -0.183410 0.016440 0.106943 -0.006389 0.015638 0.030200 -0.083322 0.063958 -0.060362 
-0.119536 0.090607 0.012866 -0.141649 0.019737 0.050950 0.055016 -0.011123 -0.085484 -0.090180 0.129062 0.241679 -0.105767 -0.077298 0.149473 0.104850 0.014798 0.099820 0.124804 0.010326 0.118949 0.055619 -0.016142 -0.005400 0.233420 0.164790 0.090996 -0.061928 
-0.110596 0.056004 -0.010122 -0.128874 -0.007418 0.003271 0.044954 -0.019795 -0.042256 -0.066683 0.060892 0.142657 -0.042269 -0.049565 0.103759 0.082988 -0.004855 0.056087 0.096863 0.016017 0.091721 0.054500 -0.009629 0.034204 0.100906 0.117991 0.036688 -0.023930 
-0.100504 0.019831 -0.035689 -0.110506 -0.036599 -0.050253 0.043829 -0.028326 0.008191 -0.036667 -0.021913 0.067940 0.009658 -0.020174 0.075551 0.066897 -0.018313 0.027707 0.063158 0.035127 0.037239 0.037006 0.015667 0.024112 -0.018744 0.060567 -0.045527 -0.015742 
-0.089839 -0.016556 -0.044580 -0.093654 -0.068823 -0.086700 0.028740 -0.041226 0.047591 -0.009805 -0.089039 0.026756 0.005019 -0.013421 0.038961 0.042419 0.003896 0.024133 0.011842 0.020044 -0.050497 0.029820 0.044732 0.041395 -0.125210 -0.006960 -0.065416 -0.024427 
-0.072514 -0.048751 -0.047171 -0.067887 -0.108917 -0.102175 -0.006055 -0.026922 0.061422 -0.005540 -0.123809 0.012194 -0.024738 -0.000764 -0.010836 -0.001543 0.023161 0.036344 -0.037433 0.023834 -0.097409 0.026651 0.062961 0.051315 -0.187506 -0.069640 -0.037480 -0.002000 
-0.049016 -0.075218 -0.051944 -0.045924 -0.148880 -0.099285 -0.056327 -0.000699 0.041881 -0.007588 -0.091007 0.009724 -0.037896 -0.001055 -0.068884 -0.058441 0.023492 0.067884 -0.084932 0.010610 -0.062559 -0.013344 0.057623 0.055527 -0.157216 -0.096821 0.019128 0.021576 
-0.019618 -0.096703 -0.067364 -0.032905 -0.174541 -0.071501 -0.100762 0.045506 -0.001488 -0.007259 -0.023988 -0.006346 -0.029297 0.007806 -0.112157 -0.110147 0.001824 0.083656 -0.118474 -0.002053 0.053676 -0.072482 0.018381 0.033502 -0.083270 -0.090369 0.074229 0.013815 
0.012683 -0.112469 -0.092764 -0.028571 -0.171574 -0.016292 -0.121381 0.080237 -0.032394 0.005606 0.077121 -0.030985 0.009784 0.016884 -0.114481 -0.093368 -0.035823 0.035051 -0.134694 -0.008645 0.193929 -0.112632 -0.011682 0.058859 -0.031950 -0.094502 0.104469 -0.105928 
0.037616 -0.116001 -0.117649 -0.056206 -0.115092 0.113405 -0.109332 0.099516 0.003852 0.015046 0.160555 -0.026148 0.056311 0.007647 -0.113985 0.011831 -0.013921 -0.050632 -0.079980 -0.059066 0.244542 -0.096283 0.000475 0.083892 -0.003731 -0.065553 0.081676 -0.243080 
0.081396 -0.131714 -0.082074 -0.008232 -0.155656 0.025011 -0.017164 0.060912 0.096974 0.030591 0.179315 -0.072421 0.087844 -0.012057 0.018060 0.104280 -0.024130 0.007660 -0.029716 -0.101352 0.072055 -0.073899 0.043910 0.031142 -0.019140 -0.081057 0.070101 -0.127944 
0.096672 -0.139432 -0.064513 -0.021724 -0.109401 0.053229 0.026899 0.089277 0.125440 -0.009808 0.173249 -0.113618 0.059655 -0.123377 0.046027 0.043664 0.002526 0.039495 0.043201 -0.051211 -0.013172 -0.006226 -0.019589 -0.047812 0.027269 0.015899 0.075328 0.070444 
0.102851 -0.139256 -0.034937 -0.028198 -0.043793 0.074706 0.026157 0.084737 0.095874 0.006478 0.096992 -0.066622 0.022310 -0.148914 0.025751 -0.070234 -0.027915 0.018851 0.041533 0.022429 0.059453 0.017480 -0.025235 -0.044862 0.055047 0.070421 -0.032207 0.187603 
0.095818 -0.136743 -0.017700 -0.022213 0.007098 0.072349 0.037673 0.045994 0.040833 0.028332 0.042514 -0.022348 -0.021562 -0.111850 0.015166 -0.084956 -0.035355 -0.004244 -0.004064 0.050750 0.089620 0.039229 0.026983 -0.017125 0.030693 0.058024 -0.088607 0.175202 
0.075194 -0.130629 -0.006023 -0.008176 0.034755 0.054982 0.054967 0.002481 -0.013582 0.028773 0.011355 0.026910 -0.062265 -0.047485 -0.005611 -0.062523 -0.027189 -0.018596 -0.051789 0.026898 0.077812 0.034954 0.034807 0.002826 -0.004559 0.020817 -0.106008 0.085056 
0.048242 -0.115983 0.002059 0.008403 0.048021 0.005128 0.086867 -0.015468 -0.071815 0.023023 -0.009906 0.037873 -0.080912 -0.004458 -0.010331 -0.053519 0.008458 -0.013877 -0.096277 0.003059 0.052141 -0.003890 -0.000960 -0.011929 -0.037981 -0.029465 -0.036939 -0.031889 
0.021331 -0.094605 0.003882 0.016686 0.064448 -0.045336 0.089727 -0.013086 -0.114247 0.036339 -0.038160 0.021385 -0.058747 0.028611 -0.026606 -0.009633 0.011473 -0.010352 -0.071555 -0.016310 -0.037198 -0.070059 -0.086366 0.028101 -0.004441 -0.070501 0.052964 -0.071216 
-0.008304 -0.073053 0.005554 0.019004 0.081762 -0.101166 0.071071 -0.027954 -0.150648 0.040612 -0.091936 -0.013280 -0.031068 0.085109 -0.039468 0.053464 0.011184 -0.016827 -0.025822 -0.024061 -0.102997 -0.120728 -0.180734 0.063545 -0.006729 -0.115076 0.069709 -0.185689 
-0.098601 0.109439 0.072852 0.131381 -0.109079 0.082426 -0.005136 -0.021525 -0.035145 -0.044611 0.062409 -0.175644 -0.137860 -0.089017 -0.008507 -0.048539 -0.016519 -0.187008 0.166897 -0.028940 0.026579 0.071593 0.073307 -0.146472 -0.081858 -0.232608 0.113704 0.040850 
-0.094198 0.117887 0.059225 0.108655 -0.043741 0.088431 -0.017063 0.002775 -0.047112 0.019982 0.059411 -0.173000 -0.114599 -0.093166 -0.027334 -0.052378 0.050574 -0.139534 0.139505 0.005546 -0.001250 0.008698 0.180826 -0.040043 -0.067314 -0.042562 0.079233 0.017945 
-0.085204 0.119754 0.036348 0.090799 0.016265 0.063289 -0.037191 0.038802 -0.022001 0.098147 0.050352 -0.146455 -0.118497 -0.087618 -0.014105 -0.051727 0.074689 -0.100219 0.061229 0.007223 -0.008780 0.017995 0.168677 0.035602 -0.047580 0.079647 0.021563 -0.047124 
-0.071836 0.116132 0.016956 0.075653 0.047191 0.020377 -0.068962 0.057695 0.020880 0.144412 0.042168 -0.115596 -0.113910 -0.074446 0.002872 -0.022163 0.064858 -0.059150 -0.038125 -0.033182 0.002524 0.043822 0.073173 0.070664 -0.012109 0.144655 -0.044845 -0.087732 
-0.057935 0.108094 0.001114 0.060606 0.062453 -0.014513 -0.107941 0.060157 0.072256 0.158932 0.043450 -0.079196 -0.124626 -0.072146 0.013680 0.028730 0.043075 -0.012953 -0.125651 -0.076390 0.015008 0.088371 -0.069045 0.086716 0.027365 0.167084 -0.096363 -0.151620 
-0.018916 0.103370 -0.001036 0.076234 0.017591 -0.046614 -0.128767 0.031985 0.058854 -0.012281 -0.000705 -0.038854 -0.055160 0.053069 0.125459 0.092995 0.190192 0.041238 -0.105343 0.069811 -0.015687 -0.094206 -0.068314 0.081319 -0.045426 0.144008 -0.173431 -0.123190 
-0.006567 0.108847 -0.001190 0.080143 0.006361 -0.037085 -0.136250 0.048711 0.053808 -0.013997 -0.026446 -0.043933 -0.034554 0.082328 0.100886 0.065803 0.200540 0.007064 -0.029242 0.097228 -0.017690 -0.079055 0.010286 0.041024 -0.018010 0.093379 -0.142440 -0.036110 
0.009171 0.108769 -0.005959 0.076502 -0.013505 -0.023890 -0.139827 0.063484 0.054594 -0.025897 -0.053624 -0.039594 -0.007321 0.086936 0.063092 0.044711 0.196741 -0.043646 0.055848 0.081417 0.017645 -0.047987 0.021314 -0.004975 -0.000996 0.018599 -0.050508 0.056223 
0.027083 0.099379 -0.015128 0.058959 -0.019439 -0.024872 -0.122795 0.077812 0.077652 -0.013747 -0.084774 0.000329 0.043140 0.117636 0.062213 0.022565 0.127967 -0.102349 0.163407 0.006456 0.107472 -0.045601 0.040293 -0.027825 0.069113 -0.071149 0.053525 0.101366 
0.042960 0.080220 -0.031060 0.042494 -0.011706 -0.041732 -0.082892 0.080135 0.112062 0.032563 -0.102776 0.064723 0.081801 0.142498 0.080981 0.011515 0.029858 -0.154849 0.219656 -0.102945 0.199533 -0.004786 0.033073 -0.014715 0.132706 -0.097012 0.113483 0.087490 
-0.047566 0.069552 -0.043244 -0.010088 0.162656 0.046018 -0.009585 0.055540 0.002885 -0.088173 0.078413 -0.015443 0.070041 -0.043675 0.091397 -0.106970 0.063375 0.006772 -0.178871 -0.005961 0.092024 0.044680 -0.125525 0.076201 -0.058997 -0.041931 -0.034132 -0.050734 
-0.026293 0.056303 -0.051851 0.008728 0.110141 0.025581 0.041832 0.057126 -0.031619 -0.066256 0.004824 -0.026750 0.027194 -0.030497 0.080700 -0.014086 0.045228 0.016394 -0.172194 0.000338 0.059064 0.067665 -0.080138 0.083002 -0.059464 0.000363 0.089153 -0.010958 
-0.005109 0.043932 -0.056748 0.028105 0.053014 0.010703 0.079105 0.052905 -0.072186 -0.051043 -0.062565 -0.039774 -0.016029 -0.020826 0.064531 0.093899 0.034700 0.037985 -0.167440 0.009532 0.019974 0.076896 -0.019256 0.062832 -0.042952 0.052995 0.220327 0.044095 
0.015182 0.030119 -0.060200 0.046493 -0.001698 -0.005467 0.112316 0.046703 -0.108812 -0.035758 -0.130099 -0.048037 -0.059938 -0.011508 0.038926 0.191945 0.032636 0.057148 -0.146474 0.022831 -0.015219 0.091245 0.050340 0.025103 -0.040637 0.090468 0.334792 0.099589 
-0.003933 0.007023 0.004229 0.021411 0.027169 0.003522 0.091826 -0.003780 -0.033015 -0.035080 -0.097309 0.050406 0.045558 -0.062384 0.061218 0.023198 -0.033239 0.033191 -0.001094 -0.007748 0.055730 -0.141023 -0.014914 0.060573 -0.126253 0.014966 -0.027863 0.208460 
0.010923 0.005565 -0.018527 0.045822 0.012983 -0.040380 0.093243 -0.013759 -0.043907 -0.007082 -0.109195 0.025515 0.029273 -0.053100 0.080389 0.103465 -0.055554 0.013758 -0.045292 -0.042388 0.031250 -0.065447 0.040982 -0.044406 -0.071705 -0.016424 0.019326 0.155653 
0.017028 0.006776 -0.057144 0.031535 0.032248 -0.009018 0.089177 0.007660 -0.054856 -0.008119 -0.111168 -0.008683 0.030106 -0.045871 0.080452 0.139589 -0.057568 0.013812 -0.054153 -0.117615 0.064453 -0.028596 0.097733 -0.144178 0.009159 -0.005432 0.035340 0.058443 
0.033411 -0.000904 -0.032275 0.038549 0.006016 -0.039293 0.045973 -0.019279 -0.054769 0.011729 -0.103609 0.031414 0.032722 -0.053736 0.056014 0.161843 -0.039413 0.007012 -0.063111 -0.082878 0.005830 -0.019233 0.069828 -0.107912 0.008436 -0.055193 0.050956 0.112858 
0.036956 -0.005319 -0.022312 0.004529 0.038468 0.004031 0.023148 -0.021301 -0.041801 0.032341 -0.084431 0.057782 0.034758 -0.066771 -0.009040 0.130514 -0.008841 0.017056 -0.048579 -0.040699 0.035956 -0.049607 0.071592 -0.069297 -0.032043 -0.014318 0.016851 0.168699 
-0.086443 0.076125 0.039084 0.092029 -0.052296 -0.015462 0.020792 -0.085540 -0.000306 -0.071654 0.079204 -0.058869 0.031082 -0.070161 -0.040417 -0.029881 -0.125066 -0.007862 -0.074403 0.002877 0.016468 -0.037529 -0.040787 -0.028315 0.119402 -0.014869 -0.064349 0.031197 
-0.082813 0.082160 0.027239 0.074249 -0.006430 0.011061 0.005538 -0.067867 0.014552 -0.057702 0.114406 -0.063798 0.054587 -0.012330 -0.112076 -0.039086 -0.122167 0.058850 -0.073091 0.066358 -0.093260 -0.023714 0.111543 0.000661 0.222274 0.010240 0.016491 0.002641 
-0.073874 0.082462 0.012939 0.055436 0.032108 0.006904 -0.005570 -0.066333 0.025079 -0.046796 0.099207 -0.037069 0.061162 0.005884 -0.106046 -0.047935 -0.114845 0.066838 -0.082925 0.047006 -0.070815 -0.031513 0.118003 0.009496 0.142107 0.040455 0.024277 -0.029773 
-0.050071 0.068420 0.028726 0.063307 0.021462 -0.042046 0.002205 -0.094691 -0.006631 -0.029418 0.037616 0.050618 0.021043 -0.010667 -0.028586 -0.030611 -0.145559 -0.022782 -0.069661 -0.052504 0.051401 0.001273 -0.050085 0.009110 -0.111820 0.069383 -0.036342 0.004712 
-0.068387 0.067701 0.018707 0.051778 0.048184 -0.014149 0.003317 -0.085416 0.015842 -0.060531 0.046568 -0.001325 0.052744 -0.035650 -0.037284 -0.074761 -0.147109 0.044618 -0.038275 -0.029560 0.076442 0.000973 -0.056840 0.004799 -0.081255 0.086353 -0.038890 -0.002092 
-0.074657 0.069524 0.036233 0.073305 0.001600 -0.024497 0.012274 -0.091958 0.002911 -0.063277 0.057936 -0.024886 0.046033 -0.053240 -0.042459 -0.056053 -0.145922 0.031138 -0.033484 0.002647 0.040288 -0.011506 -0.050324 0.012846 -0.017904 0.064921 -0.032503 -0.002179 
0.005072 0.056747 0.004538 0.021361 0.023374 0.045467 -0.058790 -0.040290 0.007378 -0.054002 -0.027399 0.049266 0.103002 0.057188 -0.031744 -0.027385 -0.043886 0.023971 -0.037443 -0.024893 -0.010518 0.085727 -0.019505 0.022231 -0.036195 -0.014585 -0.042113 0.023466 
0.005799 0.067539 -0.011838 0.013279 0.041024 0.051084 -0.079983 -0.021979 0.044512 -0.052851 0.015708 0.002676 0.117791 0.093465 -0.086651 -0.027013 -0.045355 0.118985 -0.056432 0.029272 -0.185557 0.080860 0.133191 0.028553 0.151367 -0.054324 -0.012218 -0.017203 
0.021971 0.065688 -0.009841 0.009412 0.025482 0.065842 -0.102170 -0.011195 0.022575 -0.051107 -0.010043 0.023246 0.104992 0.110556 -0.114353 0.016581 -0.035358 0.099321 -0.033516 0.025325 -0.178069 0.081054 0.143096 0.009126 0.130310 -0.027178 0.019553 -0.028302 
0.036991 0.052636 -0.014922 0.008147 0.017229 0.067231 -0.099274 -0.022265 0.017597 -0.033470 -0.080850 0.050375 0.071057 0.095590 -0.063825 0.041216 -0.034843 0.018736 0.030134 -0.039478 -0.107924 0.071544 0.043474 -0.063734 -0.066836 0.024848 0.006707 -0.030473 
0.030912 0.051486 -0.004948 0.006370 0.038295 0.040571 -0.097710 -0.042060 0.027320 -0.044580 -0.080164 0.070547 0.109623 0.075350 -0.047007 0.001109 -0.079703 0.057231 0.026103 -0.053273 -0.019865 0.114755 -0.019378 -0.012201 -0.143050 0.043070 0.026544 -0.018557 
0.016840 0.053491 -0.003248 0.010782 0.051974 0.038121 -0.079752 -0.039074 0.032180 -0.049699 -0.058763 0.048658 0.113971 0.054870 -0.035843 -0.033887 -0.065877 0.063620 0.004950 -0.050652 -0.028186 0.126154 -0.015511 0.022275 -0.117265 0.033945 -0.035432 0.005274 
0.002858 -0.029377 0.134788 -0.017134 -0.020424 -0.066429 0.079951 0.110945 0.029906 -0.045412 0.027307 0.024359 -0.052909 0.065099 -0.112558 -0.080540 -0.057072 -0.079759 0.100815 0.098121 -0.071921 -0.002770 -0.043673 -0.038334 -0.043057 0.074129 0.008401 0.006588 
0.008714 -0.024768 0.082550 -0.005110 0.003932 -0.030227 0.068343 0.080286 -0.014429 -0.027020 -0.033794 0.063672 0.017403 -0.086241 -0.097501 -0.037791 0.021171 -0.045564 0.095060 0.039017 -0.049226 0.019345 -0.067278 0.057129 0.006058 -0.034612 -0.089179 -0.005732 
0.017554 -0.020098 0.031200 -0.013547 0.021174 0.022358 0.049978 0.038123 -0.032573 -0.002695 -0.070717 0.067795 0.024028 -0.146642 -0.080250 0.008936 0.080376 -0.042385 0.075070 0.016026 -0.045278 0.039040 -0.061236 0.106568 0.062978 -0.086848 -0.114281 -0.024762 
0.021774 -0.023673 0.005967 -0.031768 0.045053 0.025821 0.031596 0.027304 -0.010615 0.012641 -0.075536 0.062629 0.011484 -0.165966 -0.044274 0.033712 0.057498 -0.035765 0.061024 -0.006052 -0.033280 0.010953 -0.068398 0.071847 0.080278 -0.103875 -0.113781 -0.108080 
0.036541 -0.023899 0.018891 -0.025694 0.020406 0.015615 0.013226 0.001035 -0.021341 0.016868 -0.078479 0.066268 0.014979 -0.134143 -0.001944 0.064477 0.048165 -0.058064 0.061778 0.023137 -0.059928 0.020990 -0.049725 0.061977 0.050708 -0.121868 -0.087746 -0.071269 
0.055031 -0.037187 0.053319 -0.057272 0.008240 0.015029 -0.034183 0.015743 -0.003558 0.042084 -0.072675 0.052495 0.035863 -0.077246 0.011647 0.047971 0.002683 -0.028719 0.063654 0.060690 -0.077283 0.004701 -0.045536 -0.027859 -0.005735 -0.065171 -0.045672 -0.080035 
0.071683 -0.051661 0.094715 -0.078774 -0.022463 -0.027545 -0.053855 0.031210 0.026811 0.065821 -0.023394 0.002662 0.021984 -0.013014 0.044216 0.010800 -0.059035 -0.034869 0.052447 0.096201 -0.113498 -0.088657 0.009295 -0.157702 -0.038255 -0.031686 0.068798 -0.020468 
0.065430 -0.059221 0.027389 -0.068353 0.004080 -0.018214 -0.019442 -0.067298 -0.007047 0.089154 0.019697 -0.029774 -0.001017 0.116598 0.063907 0.003960 -0.031132 -0.010929 0.021110 0.007486 -0.092844 -0.054017 0.006535 -0.202615 -0.038658 0.026438 0.025038 -0.029206 
0.056425 -0.059621 -0.011996 -0.044219 0.015744 -0.024722 0.010750 -0.147640 -0.022495 0.086840 0.060687 -0.054861 -0.057850 0.223475 0.079152 -0.031171 -0.005790 0.002131 0.008429 -0.052100 -0.021170 0.007450 -0.017403 -0.099200 -0.006569 0.034427 -0.022975 -0.013698 
0.034742 -0.059668 -0.027431 -0.050764 0.037393 0.004232 0.050686 -0.134489 -0.022499 0.067011 0.083297 -0.071217 -0.064999 0.228601 0.066947 -0.060132 0.024804 0.042655 0.023925 -0.066479 0.046801 -0.005630 -0.040303 -0.010361 0.042456 0.057623 -0.056560 0.047575 
0.029115 -0.057099 0.009382 -0.026536 -0.002204 -0.022496 0.058481 -0.110383 -0.043218 0.045869 0.073616 -0.057038 -0.059068 0.195200 0.015468 -0.107228 0.056631 0.078279 0.054109 -0.054899 0.030026 0.049563 -0.084880 0.010854 0.026577 0.087611 -0.049472 0.075703 
0.016699 -0.046734 0.070810 -0.012695 -0.023564 -0.060732 0.064294 -0.000368 -0.028080 -0.002884 0.043764 -0.009746 -0.042695 0.119906 -0.054404 -0.144693 0.000890 0.039199 0.083005 0.023825 -0.016937 0.036852 -0.074588 -0.041926 -0.008341 0.088578 -0.042585 0.048057 
0.004584 -0.030478 0.125596 -0.017100 0.004279 -0.052706 0.079461 0.103594 0.035438 -0.047449 0.003183 0.027651 -0.054589 0.067449 -0.085394 -0.049129 -0.054228 -0.056753 0.083522 0.089864 -0.098844 -0.022967 -0.022177 -0.007638 -0.006556 0.053497 0.016731 -0.011972 
0.016651 -0.033628 0.034912 -0.025809 0.033950 0.008980 0.055086 0.046423 -0.019291 -0.002565 -0.049260 0.089510 0.036648 -0.116205 -0.062215 -0.015373 0.017066 0.003885 0.074926 0.008741 0.003114 -0.036698 -0.064309 0.028492 0.040975 -0.031196 -0.076149 0.006218 
0.021169 -0.035617 0.008088 -0.045149 0.056624 0.030271 0.036551 0.033488 -0.015411 0.012791 -0.043604 0.076694 0.029879 -0.124731 -0.043464 0.010307 0.023090 -0.014484 0.051880 -0.038816 0.016888 -0.038950 -0.057062 -0.002248 0.044061 -0.068454 -0.064834 -0.062722 
0.038612 -0.037925 0.021293 -0.037436 0.031590 -0.013981 0.027119 -0.004521 -0.016914 0.054928 -0.044076 0.081325 0.052799 -0.092995 -0.019020 0.039032 0.053562 0.012220 0.096987 -0.017509 -0.020401 -0.031150 -0.035067 -0.029344 0.061986 -0.097380 -0.000866 -0.060725 
0.069050 -0.048780 0.091026 -0.065659 -0.025133 -0.043472 -0.027163 0.026859 0.018179 0.079862 -0.012170 0.000030 0.057810 -0.043083 0.006747 -0.010240 -0.000095 0.022242 0.082381 0.013829 -0.102523 -0.056833 0.000247 -0.151178 -0.012605 -0.008026 0.062089 -0.041797 
0.040203 -0.047329 -0.014615 -0.041149 0.013134 -0.008670 0.027260 -0.122882 0.010806 0.067616 0.057446 0.000822 -0.045212 0.150659 0.065866 -0.014909 0.039029 -0.051644 0.044008 0.031925 -0.093588 0.001170 -0.009702 -0.040605 0.081316 -0.052974 0.003408 0.004133 
0.019305 -0.046727 -0.027437 -0.053432 0.036692 0.045300 0.038430 -0.103483 0.013302 0.023582 0.076373 -0.022985 -0.086922 0.165964 0.050677 -0.056230 0.023868 -0.066239 0.006351 0.024097 -0.049480 0.024844 -0.030057 0.016955 0.087044 -0.027016 -0.041990 0.018242 
0.014087 -0.044757 0.003002 -0.027737 0.010974 0.029628 0.047465 -0.081184 0.002107 0.000716 0.049288 0.005712 -0.092860 0.143112 0.028472 -0.084990 0.007599 -0.061981 0.019926 0.061740 -0.042751 0.003542 -0.050995 0.035833 0.075911 0.026444 -0.051876 0.081111 
0.090380 0.153956 -0.069228 0.128977 0.036654 -0.076855 0.121652 -0.059437 0.106441 -0.000801 -0.017105 -0.177392 -0.003198 -0.028930 -0.194686 -0.174611 -0.024501 -0.060859 0.000312 -0.168497 0.017342 -0.168038 -0.074160 0.075638 -0.056123 -0.039625 -0.099585 0.019962 
0.090144 0.157929 -0.017120 0.141263 0.038708 -0.066962 0.076141 -0.046939 0.037750 -0.035891 0.019037 -0.032536 -0.102570 -0.050586 -0.087867 -0.098568 -0.000171 0.047179 0.010097 -0.146905 -0.072160 -0.135612 -0.071508 0.060847 -0.023748 -0.079465 -0.014440 0.025904 
0.096415 0.160791 0.036723 0.143593 0.033399 -0.075477 0.027445 -0.031912 -0.052909 -0.045809 0.062932 0.065937 -0.168112 -0.055414 -0.023022 -0.026416 -0.003798 0.130039 0.004474 -0.093727 -0.068948 -0.107295 -0.059371 0.064091 0.009209 -0.115026 0.072594 0.029936 
0.111015 0.160259 0.052514 0.127452 0.039486 -0.084613 0.008898 -0.005714 -0.142752 -0.029865 0.114154 0.104517 -0.107050 -0.007402 0.024512 -0.005562 -0.060097 0.117033 0.027329 0.002281 0.032088 -0.060942 -0.017926 0.029020 0.031469 -0.107142 0.101086 0.016070 
0.122306 0.149318 0.054646 0.082088 0.060659 -0.062581 0.001457 -0.015896 -0.172717 -0.001273 0.127134 0.069109 -0.003225 0.021327 0.042186 0.011567 -0.108922 0.006388 0.033110 0.073021 0.117322 0.006720 -0.015261 0.004738 0.035344 -0.077631 0.066253 -0.029736 
0.129052 0.126566 0.051383 0.021189 0.094690 -0.021691 0.013975 -0.034079 -0.124019 -0.001686 0.077625 0.002569 0.067134 0.022868 0.062093 0.030932 -0.096803 -0.101195 0.025093 0.078986 0.114804 0.067092 -0.003172 0.018586 -0.019227 -0.053989 0.006118 -0.066425 
0.124585 0.092416 0.066030 -0.041357 0.112751 0.003463 0.032243 -0.070566 -0.019167 -0.027520 -0.018375 -0.049040 0.065050 -0.027514 0.076324 0.052603 0.011617 -0.161314 -0.037330 0.010717 0.025201 0.119144 0.005766 0.039358 -0.034951 -0.041583 -0.064455 -0.056939 
0.114650 0.055091 0.104579 -0.074517 0.075942 -0.037980 0.037364 -0.103605 0.056508 -0.065499 -0.120336 -0.052679 0.002679 -0.065076 0.052207 -0.015217 0.118550 -0.099077 -0.105515 -0.056651 -0.039466 0.123500 0.030246 -0.040910 0.003775 0.000225 -0.059565 0.040542 
0.109760 0.005818 0.135496 -0.061529 -0.012008 -0.218168 0.043629 -0.099078 0.044313 -0.046758 -0.173074 -0.052357 -0.043858 -0.068018 0.027038 -0.157235 0.071474 0.033114 -0.217239 -0.003842 0.081594 -0.028783 0.036743 -0.153047 0.152805 0.009225 0.012606 0.074222 
-0.017269 -0.009259 0.070411 -0.154153 0.119533 0.073455 -0.140565 0.014998 -0.181026 -0.024427 -0.215756 -0.054179 -0.046750 -0.026626 -0.075011 -0.188785 0.103542 0.002360 -0.032479 0.019530 0.046333 -0.081893 -0.068961 -0.093518 0.155944 0.055348 0.144161 0.019131 
-0.057017 0.003048 0.047532 -0.115667 0.085169 0.055515 -0.169940 0.006882 -0.170091 0.042480 -0.146711 -0.010399 0.029988 0.085303 -0.055791 -0.063860 0.011490 -0.085194 -0.019192 0.001136 0.065498 -0.119609 -0.025309 0.019283 0.091383 -0.017497 0.034602 -0.021607 
-0.082012 0.009495 0.005302 -0.071848 0.026849 0.011421 -0.100023 0.021023 -0.105102 0.032113 -0.046739 -0.059925 0.082851 0.083567 -0.024990 0.068087 -0.025111 -0.077412 -0.006303 -0.035645 -0.070669 -0.046009 -0.023546 0.025568 0.016762 -0.004156 0.042012 0.062688 
-0.086369 0.028175 -0.007089 -0.031681 -0.010454 -0.020533 -0.033090 0.057994 -0.035079 0.045247 -0.001252 -0.061124 0.105928 0.046027 0.000500 0.038164 -0.100375 -0.044907 0.057655 -0.025023 -0.067775 0.012524 -0.058604 0.020229 0.011593 0.027563 -0.048111 0.133990 
-0.073636 0.053949 -0.005969 0.001905 -0.031723 -0.035120 0.029007 0.090182 0.009385 0.085198 -0.001530 -0.046277 0.099902 0.019867 0.039171 0.002335 -0.083027 -0.007010 0.030634 0.028229 -0.006643 0.053874 -0.022515 -0.000737 0.004451 -0.019581 -0.119944 0.097229 
-0.057025 0.072243 0.008541 0.015277 -0.053906 0.020197 0.030739 0.054941 0.083766 0.077832 0.008102 0.024256 0.068847 0.024158 0.030035 0.050112 -0.048112 0.008498 0.027005 0.074181 -0.000847 0.060176 0.025239 0.031329 -0.008629 -0.042189 -0.134417 0.040787 
-0.044334 0.078558 0.030796 0.030395 -0.072119 0.104148 0.027501 -0.004834 0.139352 0.005889 -0.000542 0.110728 0.003501 0.036586 0.060666 0.037161 0.034390 0.041750 -0.011329 0.063950 0.068945 0.076843 0.089520 -0.011946 -0.050439 -0.030322 -0.055639 -0.052671 
-0.028867 0.088365 0.053116 0.053309 -0.095545 0.202193 0.024341 -0.019303 0.160329 -0.047788 0.030490 0.203434 -0.057177 -0.009859 0.072784 -0.001702 0.124963 0.106048 -0.086499 0.011179 0.034149 0.012122 0.103574 -0.056058 -0.017138 -0.008161 0.097752 -0.060043 
0.031521 0.113473 -0.105214 -0.239223 0.114427 -0.063854 0.030118 0.094063 0.074813 -0.022116 0.042695 0.061760 0.110757 0.074340 -0.112941 -0.061289 0.091197 -0.002803 -0.068052 -0.069620 -0.002126 -0.158908 0.088687 -0.091093 0.024580 0.096567 -0.024109 0.003503 
0.019226 0.087287 -0.083588 -0.189952 0.054514 -0.065888 0.061966 0.068066 0.011286 -0.034245 0.036103 0.054793 0.087866 0.067207 -0.067498 -0.050126 0.048549 -0.022763 -0.075850 -0.060547 -0.005837 -0.059947 0.068211 -0.068786 0.020141 0.087304 -0.010005 -0.016456 
0.012938 0.058299 -0.050500 -0.138179 -0.022140 -0.063788 0.089166 0.027040 -0.032330 -0.036170 0.037512 0.033124 0.068913 0.049914 -0.052029 -0.018721 0.026834 -0.050088 -0.079734 -0.039255 -0.018139 0.042687 0.016496 -0.041493 0.010658 0.055113 -0.000488 -0.022399 
0.007817 0.029789 -0.014547 -0.082106 -0.100399 -0.050362 0.113766 -0.007000 -0.076464 -0.040703 0.044467 0.014507 0.043040 0.028079 -0.033486 0.019266 0.015987 -0.076172 -0.077137 -0.015670 -0.050124 0.140092 -0.027442 -0.009249 -0.003450 0.021335 0.031980 -0.005308 
0.004522 0.004293 0.016999 -0.028951 -0.168076 -0.036265 0.138366 -0.022596 -0.117289 -0.036997 0.053247 -0.003164 0.037702 0.021071 -0.001957 0.044253 0.019629 -0.097126 -0.067004 0.010952 -0.080187 0.229417 -0.032356 0.028904 -0.032581 0.007955 0.047012 0.044027 
-0.041424 -0.073356 0.023478 0.006355 -0.081883 0.055597 -0.011242 -0.092022 -0.171546 -0.172171 0.008812 -0.095722 0.177372 -0.063043 -0.036014 -0.060290 0.036971 -0.119671 -0.040778 0.072664 -0.129430 0.014862 0.090024 0.077819 -0.033290 0.065835 -0.005903 0.080483 
-0.064235 -0.102071 0.020139 -0.010472 -0.048750 0.023767 -0.000507 -0.101377 -0.089666 -0.176150 -0.036797 -0.077893 0.142160 -0.042719 -0.021568 -0.014204 -0.021679 -0.142584 0.002156 -0.029241 -0.056454 -0.007647 0.074937 0.120046 -0.004643 0.033268 0.087487 0.024750 
-0.091451 -0.130073 0.021623 -0.025780 0.005072 -0.007966 0.002178 -0.115818 0.017765 -0.130895 -0.075347 -0.048784 0.091773 -0.009070 0.010259 0.008611 -0.091094 -0.122266 0.026839 -0.092515 0.020314 -0.043098 0.083766 0.150847 0.106051 0.038643 0.095985 -0.068150 
-0.118779 -0.146333 0.024590 -0.020514 0.045300 -0.022520 -0.018514 -0.139415 0.130525 -0.077206 -0.106172 -0.074964 -0.042388 -0.050701 -0.022510 0.052788 -0.092426 -0.028639 -0.005644 -0.049604 0.069565 0.017439 0.026841 0.134321 0.153924 0.099108 0.065855 -0.106173 
-0.134231 -0.147544 0.040011 -0.003095 0.084048 -0.043929 -0.054952 -0.150724 0.208918 -0.054864 -0.168662 -0.177334 -0.203027 -0.115812 -0.063464 0.074463 -0.047537 0.163117 -0.067061 0.032041 0.122725 0.010015 0.018017 -0.083729 0.113882 0.110285 0.052037 -0.093692 
0.041762 -0.036327 0.156078 0.058146 -0.270395 0.107124 -0.038238 -0.110930 -0.085965 0.029837 -0.089846 0.035565 -0.073717 0.090323 -0.141223 0.144636 -0.011588 0.057316 0.059210 0.018830 0.030966 -0.028622 -0.018811 0.114275 0.008256 0.094648 -0.012939 0.066881 
0.015056 -0.048463 0.150507 0.039995 -0.153197 0.087798 -0.095822 -0.110433 -0.030149 0.042728 -0.047099 0.048582 -0.009212 0.028307 -0.031070 0.057820 -0.010534 0.071797 0.057113 -0.022160 0.027900 -0.030445 0.005348 0.069522 -0.000343 0.007760 -0.044795 0.087069 
-0.011887 -0.059945 0.136176 0.022290 -0.031016 0.061354 -0.137008 -0.093757 0.033601 0.052286 -0.001262 0.055002 0.052923 -0.026297 0.080309 -0.035600 -0.013247 0.058528 0.055564 -0.058122 0.022183 -0.032355 0.025834 0.050796 -0.027488 -0.091756 -0.063425 0.082360 
-0.037536 -0.069799 0.120919 0.012146 0.076986 0.033967 -0.168473 -0.065846 0.089267 0.053030 0.041784 0.050566 0.105272 -0.068567 0.189948 -0.112336 -0.031052 0.032646 0.032552 -0.088386 -0.001384 -0.018301 0.027761 0.058156 -0.049660 -0.179998 -0.064762 0.067613 
0.005617 -0.005972 0.039299 -0.040583 0.042687 -0.009230 -0.051022 -0.010369 0.078367 0.115000 0.152267 -0.011981 -0.077548 -0.042208 -0.176198 0.119683 0.008517 -0.004657 -0.043601 0.082766 0.021280 0.051949 -0.039888 0.016675 0.008013 0.005819 -0.024632 0.182342 
-0.022230 -0.031624 0.059811 -0.060225 0.054687 0.037335 -0.067864 0.014003 0.054072 0.056784 0.122689 0.000178 -0.009342 -0.015761 -0.085697 0.025161 0.050943 0.032372 -0.002918 0.074614 0.002621 -0.012325 -0.024807 0.131133 -0.021907 -0.005682 0.019183 0.048917 
-0.006866 -0.053809 0.102037 0.005563 -0.010902 -0.128744 -0.072622 -0.024770 0.091266 0.077913 0.123484 0.059397 0.041067 -0.024839 0.050866 0.028650 -0.001359 0.016818 -0.076575 0.183508 -0.038202 -0.039723 -0.068515 0.105594 -0.076928 -0.100798 0.101194 0.037431 
-0.050418 -0.062430 0.057370 -0.019717 0.054398 0.004525 -0.034454 0.059322 0.032112 0.008876 0.067004 -0.074862 0.014924 0.002286 0.121390 -0.060379 0.005899 0.024747 0.021967 0.073231 0.004157 0.006174 -0.015955 0.046315 -0.045600 -0.002761 0.049694 -0.077107 
-0.046290 -0.062351 0.056801 0.040373 -0.015955 -0.054940 -0.027314 0.071211 0.003547 -0.046239 0.042004 -0.101395 0.009352 0.045427 0.222122 -0.074739 -0.083817 -0.004521 0.021276 0.023273 -0.084298 0.148622 -0.105113 -0.034542 0.033658 -0.099790 0.073645 -0.214638 
0.060733 0.107776 -0.031950 -0.155828 0.005504 0.055373 0.046419 0.064488 0.025098 0.118767 -0.020652 -0.035940 -0.036602 -0.012196 -0.079691 -0.060250 0.019050 0.004352 0.001126 0.083942 -0.026103 -0.119747 -0.025870 -0.064554 -0.089445 -0.018381 0.075830 -0.020760 
0.055950 0.078785 -0.007367 -0.096980 -0.060197 0.053228 0.052199 0.047439 -0.012696 0.096955 -0.083252 -0.054850 -0.071972 -0.037065 0.057418 -0.015336 -0.047743 -0.017353 -0.032456 0.017558 0.079660 0.008431 -0.120390 -0.063582 -0.055518 -0.012366 -0.040759 -0.020587 
0.059600 0.053143 0.017738 -0.053519 -0.119564 0.029958 0.060045 0.029873 -0.025915 0.083040 -0.095675 -0.055195 -0.052382 -0.056544 0.122132 0.013464 -0.098378 -0.032294 -0.052705 0.034163 0.112054 0.082049 -0.160007 -0.053862 -0.031047 0.001054 -0.089373 -0.042662 
0.008560 0.027236 -0.013219 -0.074626 -0.054765 0.103165 0.042268 0.064249 0.024422 0.044783 -0.097542 -0.150169 0.028259 0.030839 0.145919 -0.035068 -0.006670 0.127233 0.028969 0.129945 -0.038972 0.023876 -0.057452 -0.057540 -0.039176 0.011885 0.067193 -0.101742 
0.059230 0.057524 0.020512 -0.058080 -0.137648 0.036414 0.056163 0.053492 -0.004127 0.108600 -0.030060 -0.047472 -0.027298 -0.016338 0.044863 0.043148 -0.059125 -0.008951 -0.070604 0.103570 0.002337 0.013907 -0.069347 -0.026168 0.072949 -0.041206 -0.037738 -0.037423 
0.056212 0.081259 -0.011353 -0.106092 -0.071675 0.069857 0.052351 0.071332 0.015403 0.111652 -0.021582 -0.053420 -0.044440 -0.017513 -0.007376 -0.003996 -0.018784 -0.006885 -0.056335 0.078892 -0.004015 -0.019673 -0.050218 -0.052599 0.043176 -0.041213 -0.007311 -0.007720 
-0.077524 -0.064065 0.009809 0.003736 0.056049 -0.046216 -0.069268 0.044665 -0.071015 0.000851 0.094882 -0.037056 -0.115270 -0.066008 -0.071684 0.036043 0.158887 0.006057 0.043217 -0.010297 -0.119325 0.013289 0.010734 -0.051633 -0.010398 -0.018796 -0.022768 0.060530 
-0.078374 -0.091510 0.031986 0.027043 -0.002745 -0.053298 -0.081879 0.024359 -0.138713 -0.015467 0.014375 0.030637 -0.092386 -0.035896 -0.042010 0.108041 0.101885 -0.070694 0.080282 -0.049994 0.058378 0.040384 -0.025803 -0.052709 -0.066570 0.065091 -0.007847 0.037122 
-0.097316 -0.112759 0.031317 0.033608 0.034921 -0.121886 -0.068731 0.006950 -0.077094 -0.016947 0.018058 0.006095 -0.033617 -0.047091 0.078637 0.002012 0.057023 -0.026709 0.077579 -0.075562 0.040056 0.043455 -0.039924 -0.043932 -0.149535 0.051893 -0.011823 -0.003514 
-0.115322 -0.120721 0.035046 0.041334 0.059109 -0.202689 -0.088032 -0.014591 -0.041100 -0.016721 0.060802 0.035659 0.073483 -0.042823 0.120510 -0.049936 0.052830 0.066307 0.007244 0.012978 0.036693 0.058653 -0.009800 0.013065 -0.084243 0.046936 0.003582 -0.003882 
-0.099939 -0.108041 0.032744 0.038057 0.034750 -0.134073 -0.055422 0.018957 -0.084034 -0.002947 0.082889 -0.031115 -0.040390 -0.059442 0.033111 0.014437 0.096177 -0.001757 0.024814 -0.008974 -0.080943 0.013623 0.096615 -0.009253 -0.007530 0.041134 -0.060632 -0.015109 
-0.081990 -0.089131 0.034037 0.025550 -0.001721 -0.068082 -0.063877 0.023243 -0.119040 0.008141 0.095299 -0.001897 -0.091761 -0.026546 -0.069249 0.068124 0.110691 -0.034897 0.029675 0.012357 -0.071739 0.003289 0.055001 -0.012042 0.040825 -0.011775 0.017384 0.019472 
0.064018 0.058116 -0.136286 -0.048285 0.044812 0.066328 0.006519 -0.137904 0.022347 0.084282 0.046818 -0.031699 0.062272 -0.051649 -0.075682 0.075837 0.042283 0.087880 0.029298 0.166015 0.057139 0.036898 0.052988 0.025494 -0.022469 -0.063544 0.036883 -0.005416 
0.040602 0.019805 -0.081718 -0.016392 0.063928 0.081163 -0.010073 -0.041038 0.023572 0.013378 -0.012628 -0.059103 -0.022379 0.018156 -0.013648 0.089184 -0.018771 0.081614 0.024955 0.104142 0.044001 -0.010127 0.041982 0.089537 -0.024093 -0.038285 0.036346 0.045323 
0.019863 -0.020445 -0.030040 0.030127 0.043431 0.018241 0.007501 0.053145 0.020654 -0.021303 0.007981 -0.053644 -0.018450 0.073808 0.051850 0.055689 -0.065422 0.104587 0.043622 0.057556 0.032959 -0.072564 0.049435 0.038770 -0.014836 -0.032003 0.012687 0.045061 
0.021116 -0.037857 -0.010283 0.066171 -0.001104 -0.019236 0.020322 0.070028 0.014688 -0.021550 0.024866 -0.021395 0.018797 0.110175 0.061684 0.040464 -0.065640 0.090346 0.043182 0.049477 0.047142 -0.046595 0.059597 -0.019293 -0.015910 0.026141 -0.022249 0.071813 
-0.018984 -0.054975 -0.056033 0.055983 0.052115 0.023458 0.021389 0.119502 0.023014 -0.013854 -0.009100 -0.038204 0.038545 0.085140 0.029566 -0.003290 -0.024795 0.143130 0.042376 -0.014533 0.009750 -0.071409 0.067133 -0.074859 -0.011982 0.044855 0.017003 -0.012787 
-0.045378 -0.064018 -0.143630 0.100443 0.052829 -0.007310 0.063543 0.033937 0.020808 0.001993 0.015925 0.013168 0.004280 0.040664 0.040809 -0.057385 0.016301 0.038704 0.063679 -0.039723 -0.082504 -0.081809 0.013561 -0.106450 -0.026730 -0.007694 0.090776 -0.016582 
-0.068902 -0.066721 -0.256304 0.125610 0.079532 0.042764 0.055943 -0.054471 0.008085 -0.000692 0.029281 0.133435 0.005539 -0.009146 -0.040129 -0.062671 0.038032 0.037447 0.115899 -0.059652 -0.108982 -0.000675 -0.121964 -0.116015 0.027131 0.064488 0.045997 -0.046993 
-0.044428 -0.057496 -0.149280 0.096810 0.013930 0.027736 0.052703 -0.008365 0.075148 -0.022704 0.013100 0.091298 -0.053306 0.012722 0.037839 -0.081441 0.027583 -0.005422 0.070404 -0.081986 -0.046928 0.047197 -0.065871 0.023914 0.077389 -0.000584 0.027131 -0.018777 
-0.022029 -0.050525 -0.054945 0.048377 -0.036182 0.034758 0.057137 0.100593 0.079125 -0.041962 -0.027449 0.094725 -0.002214 -0.037596 0.051041 -0.036227 0.028156 -0.027290 0.001237 -0.108263 -0.073653 -0.006475 0.083254 -0.051014 0.058430 0.061612 -0.075551 -0.016188 
0.034212 -0.025445 0.000277 0.055845 -0.083191 -0.026668 0.034925 0.089728 0.093614 -0.034495 -0.018776 0.181265 0.006711 -0.061930 -0.026235 -0.043444 -0.003001 -0.122016 -0.039309 -0.044468 -0.052155 0.032966 0.063442 -0.085225 0.042663 0.072681 -0.066444 -0.088996 
0.034949 -0.004635 -0.030391 0.012796 -0.012457 0.045986 0.025298 0.072554 0.105085 -0.023210 -0.019012 0.155464 -0.008071 -0.061070 -0.065037 0.003842 -0.014507 -0.173655 -0.050835 0.011873 -0.032968 -0.071204 0.051123 -0.004984 0.024826 0.021479 -0.049568 -0.067711 
0.047003 0.026804 -0.084180 -0.031760 0.038412 0.096726 0.009423 -0.040672 0.088032 0.031419 -0.003419 0.058704 -0.004805 -0.066222 -0.097231 0.103974 0.029720 -0.116077 -0.036465 0.050690 0.027084 -0.060189 0.037959 0.092987 -0.006754 -0.023769 -0.033542 0.004750 
0.063748 0.050457 -0.129361 -0.037631 0.002999 0.024904 0.014953 -0.133064 0.018048 0.110364 0.073085 -0.021525 0.131217 -0.039215 -0.055861 0.011684 0.095701 0.144785 0.057198 0.111961 0.077660 0.095276 0.086970 -0.051964 -0.024502 -0.042010 0.013783 0.003320 
0.033675 -0.013526 -0.017706 0.024461 0.004249 0.020882 -0.000646 0.025398 -0.000251 0.012568 0.006037 -0.047878 -0.035908 0.073940 -0.019392 0.044999 0.015700 0.098327 0.060714 -0.043983 -0.021531 -0.002192 -0.025112 0.035851 0.057903 -0.063421 0.026501 -0.053672 
0.035001 -0.033008 0.004702 0.062921 -0.027468 -0.012692 0.004945 0.064883 0.023996 -0.024756 0.000581 -0.003337 -0.039556 0.096265 0.013193 0.022871 -0.068648 0.075156 0.042201 0.033985 0.000062 -0.009360 -0.005451 0.007900 0.043305 0.022066 -0.058487 0.028194 
-0.014297 -0.051831 -0.039697 0.049960 0.030608 0.096743 -0.029987 0.151194 0.001618 -0.102995 -0.046971 -0.036948 -0.083789 0.057982 0.047100 -0.002358 -0.186515 0.004059 -0.038833 -0.027388 -0.092062 -0.055410 0.017355 -0.059814 -0.101626 0.028871 -0.136933 -0.013473 
-0.061955 -0.068192 -0.261059 0.089385 0.105282 0.124864 0.002674 -0.055643 0.009085 -0.053690 0.012945 0.159977 -0.125212 0.081907 0.030657 0.012473 -0.155416 -0.162949 0.045142 0.165493 -0.065047 -0.053435 -0.076161 -0.052162 -0.025187 -0.013716 0.038636 -0.015300 
-0.011216 -0.046125 -0.045373 0.058068 -0.040252 0.081970 0.004817 0.102115 0.012084 -0.060573 -0.032784 -0.015192 -0.062574 0.088257 -0.004066 -0.013941 -0.084062 -0.054056 -0.031661 -0.162306 0.023156 0.045973 0.033421 -0.046764 -0.123672 0.110807 -0.115620 -0.037241 
0.045292 -0.024414 0.003915 0.079771 -0.092907 -0.043561 0.037616 0.073269 0.011168 0.013410 -0.027035 0.086487 0.037804 0.022287 -0.054555 0.015492 0.026831 0.011440 0.034858 -0.149513 0.092400 0.036495 0.012105 -0.015422 -0.025352 0.085525 -0.050793 -0.008540 
0.043002 -0.005224 -0.021563 0.032369 -0.058074 -0.033198 0.050458 0.037050 0.001778 0.063523 0.004078 0.017109 0.093652 0.003931 -0.099874 0.056910 0.175326 0.098086 0.069389 -0.227634 0.044099 0.071404 -0.023099 0.036342 -0.017776 -0.026605 0.023659 -0.055001 
# The variances of the components (eigenvalues) of identity or combined identity and expression model
1
28
6
35355.788463 28130.863623 4189.504683 2662.389342 858.521455 728.164571 541.172887 435.757168 328.348959 263.513350 239.210632 186.427448 164.877582 151.184378 96.775917 92.583498 87.306385 82.931221 74.452116 59.179980 51.676249 45.572583 43.066052 35.341213 33.810065 31.474578 23.350632 22.677670 
